12 34
0 0 1 182.55
1 1 0 182.55
2 1 2 33.26
3 2 1 33.26 
4 2 3 182.11
5 3 2 182.11
6 3 4 105.13
7 4 3 105.13
8 5 1 189.1785
9 1 5 189.1785
10 1 6 95.1825
11 6 1 95.1825
12 5 6 116.6499
13 6 5 116.6499
14 0 5 112.6357
15 5 0 112.6357
16 0 6 166.5096
17 6 0 166.5096
18 2 7 59.5453
19 7 2 59.5453
20 2 8 178.3122
21 8 2 178.3122
22 3 7 149.0672
23 7 3 149.0672
24 7 8 118.1059
25 8 7 118.1059
26 3 8 142.6865
27 8 3 142.6885
28 4 9 120.01
29 9 4 120.01
30 9 10 110.21
31 10 9 110.21
32 10 11 21
33 11 10 21
0 449.308 1687.61 B3A
1 449.308 1870.16 B3B
2 449.308 1903.42 B5A
3 449.308 2085.53 B5B
4 449.308 2190.66 B7
5 340.208 1715.60 Taix
6 363.008 1830.01 Bus
7 405.00 1943.20 Cash
8 320.001 2025.20 WC
9 449.308 2310.67 B7B 
10 449.308 2420.88 B11
11 521.308 2441.88 E1